124692424
125385590
125645557
125487139
125671870
125118335
120059146
124403580
126065755
126158289
125345406
125698718
125455292
125475909
125303867
122471023
123920336
124108202
125852518
122947191
125906350
125146584
122826007
122521759
125893442
124637347
120661084
126194903
125537887
126265165
122874730
125756849
125303866
126061412
125167497
124885100
126305919
126211330
125165811
125897219
122681043
124884575
125447097
126058209
125151727
125537458
122246408
120268750
125303869
125294198
125288426
126008030
125526550
125148662
123155955
125596131
126126081
125639658
125376261
126000606
126311395
125474455
125846907
126276324
124123063
126211598
123523193
126058208
122510918
119840653
125464037
125315083
125294189
124512502
126083203
122712824
125908493
125896441
125822391
126228347
126094388
126126059
124712802
125254483
125377286
126111691
125430286
125167495
125284398
125391886
125503051
126258741
124100038
125303871
121460975
123121909
125660878
125671869
125903318
125289749
125442703
126242929
125404228
125471495
125671263
125092301
125383769
125708746
126319204
125977383
125605016
126006721
120990190
125731397
124109681
125370263
125977323
125431356
124597637
126181858
125253278
123560983
125409473
116477857
126044163
125146586
123903547
126080377
125644179
125130519
125478668
125656607
125146585
125093959
125078583
126007661
125512821
123191852
123617038
125893261
125596568
121780796
126217559
125718444
122940032
125537889
125910338
125344077
125106288
125382581
121928396
124835018
125237639
124889897
125704860
126237055
125786039
125436958
124870912
125654264
125702339
126153766
126071460
123616912
124543966
125766316
124889815
121602737
126080229
124641854
125465899
125421838
125455066
125081718
122390435
125167917
124338667
125158033
123235212
122619851
114926548
116147266
125902383
125534660
126123579
125453399
125977040
125335985
126156613
125167496
124600869
124108092
125896442
125013887
125952431
125566088
125595507
117939194
123060968
121780999
125715498
125980341
115402788
125163882
126320092
124543447
125137261
125303870
126319373
125842262
125603738
123852078
123135215
126275476
116525254
123917066
121313170
125113906
125487221
126186445
125772427
125650326
124750940
125494421
125989857
126064923
125544445
126133195
125615438
116443932
125277188
123903236
126119396
114294747
126245167
125104910
125371052
125268425
125193053
125532016
121848796
125423841
125912432
125976607
124732127
125458569
121780925
125339488
124425350
125111877
125165678
126266681
120504262
124015691
125399950
125899724
125392941
122390241
126273971
126081936
125215357
126021244
123256462
123903211
125880418
124885686
125335815
125419412
125523094
126023798
125480036
123340134
125341451
126173107
124830894
124538286
115403199
123819627
125975368
125396568
126020988
125303868
126053335
115793463
117246175
125331926
124607908
125391885
124546722
96396728
126107453
89590208
122390782
117093185
125896443
125611393
126316269
125116443
125263480
126247625
125603049
124337194
124005282
125861833
125341110
125692621
123531215
124822470
126108083
125227195
126256155
121336367
111976325
125941585
125583446
125905642
125730778
124230829
125326411
124584332
122390433
126272451
125167605
126314449
121799779
105817972
125197129
118772177
125489133
121732766
125563455
125712082
125480086
125544187
125971069
123385540
125607219
126322562
124964211
126318582
125494465
125647989
126007892
123211983
125925912
124887401
124162838
123750774
123955887
126263449
121774712
124317023
119488292
125868548
125852517
125847063
125537888
125855447
125226615
93815129
123044179
125604614
125364810
125443265
125849401
123140926
125547086
125668984
125943455
122712659
122324429
126078778
125244442
126315902
124163071
124365109
125583447
125334251
125373608
126027996
125485925
125532079
122100637
124175467
125453572
125872343
126233745
125512963
126094230
125916270
125248763
125612131
125498707
120450242
126172464
122222000
124688909
125341991
126311284
124407139
125898611
125432558
125167493
126231524
125281681
125882706
126299572
124813733
126318556
125451567
125453697
126192349
123154350
125427822
123211982
126063743
125137260
125653127
126118634
125764548
125788036
124690138
125967197
125339265
126074087
125452249
125209100
125662691
125235401
125508821
123536790
124780535
117283160
123705005
125898660
126143377
121775931
125222979
124863689
121737089
126303717
125324505
115792803
125750165
125885715
116805713
125166174
126322790
125593763
125117138
125537224
126028383
125623914
125492016
124861216
125081736
125967199
124534315
125836880
118070642
125428124
125564863
126262516
125453459
118703329
126091492
125249766
121676243
125529502
125084471
125330908
122221994
125324638
123094104
125612154
125600722
125090306
123149096
125486981
125902618
125092359
125697744
125397096
125244255
122347052
124459646
126292388
125893041
123685127
125789141
124875720
120687303
125455293
123717550
125281535
125709296
118703436
124356971
126083800
126144554
106503199
123049805
125722658
125333678
125297767
125431183
125457040
121382503
123384951
126299196
125748873
125602828
125546586
126021657
119780254
122221976
125531353
123440677
125159800
115403060
124820744
121780885
125855231
126216328
126029098
125944354
125579325
125956970
126166933
125228916
125899071
123154325
115794035
122300685
125390596
126054173
125393264
125713055
126271445
125600841
125091127
125893244
125229169
125317422
123211984
125853716
125918212
125895055
125696709
126125980
125359458
126111957
126227933
121665508
123216697
125207961
125227762
119870163
125133273
125199192
125895919
125391887
124240926
122175028
125178051
125530351
124292199
123268389
125264162
125417715
125880521
125445964
125846321
126015233
124644156
126163141
123187757
125898471
124558135
125600701
125975704
122848747
125537886
126178959
125338950
124146575
126021658
125765598
125278200
125893837
125725436
125706735
120403297
126021656
125264289
124045279
125972826
126248753
123665457
125167494
125748637
125531782
126074185
119840617
125624133
125474504
125252659
126261032
125228278
121552423
124435605
125836933
125671358
125967198
125813091
125352598
125995006
124989869
125285876
125626171
125409325
123852079
125782354
125745974
123915267
123144141
126263984
126169524
125517524
125882073
124810806
124252322
124756468
125833838
123515196
125306451
125026795
125395634
126178409
123700308
125147679
126117250
125519675
120505042
124788285
119168882
124022926
125331449
125897521
125332765
125911235
123115803
125911280
125836992
126297768
123685517
124600301
126203654
121563305
125895022
125285234
125612762
125139529
125109129
125407988
125437128
124818199
89514991
124749611
126276565
125369240
126245644
125979629
125464521
125635983
121341339
126059365
125854351
124811655
124632340
125289932
116419180
123384952
125243160
125637413
125903142
121349443
122783315
124800406
123393351
126235399
125248920
125620699
125829550
125489876
125647736
125137262
115629850
125097529
125750301
126081866
125492213
126213090
125945791
123864836
122389955
123580508
125113551
125916910
125925282
126188270
126212980
124245779
126020987
125976379
125699295
125872692
125150008
125281158
126107976
125334007
126163292
123661913
123642457
126071142
125421423
124760114
124138278
126126181
115403351
125377744
124609233
123895049
125699440
125713275
126176184
126285468
125165867
126126015
125843917
125542926
125393814
122390142
107129235
126231945
125110287
125726523
125890980
123909339
123638053
124611661
